Year,Month,Anomaly,Uncertainty,CO2,CH4,N2O,Actual_Temperature
1984,1,0.291,0.055,344.32,1638.79,303.8,12.521
1984,2,0.145,0.054,344.82,1638.84,303.8,12.584999999999999
1984,3,0.292,0.042,344.96,1640.88,303.7,13.352
1984,4,0.178,0.07,345.19,1643.99,303.7,14.148000000000001
1984,5,0.388,0.043,345.33,1643.12,303.7,15.338
1984,6,0.098,0.067,344.57,1639.73,303.7,15.768
1984,7,0.054,0.064,343.2,1638.01,303.7,16.003999999999998
1984,8,0.158,0.041,342.21,1641.67,303.8,15.937999999999999
1984,9,0.224,0.044,342.13,1650.59,303.8,15.414
1984,10,0.109,0.042,342.99,1654.61,304.0,14.359
1984,11,-0.013,0.043,344.16,1653.79,304.1,13.217
1984,12,-0.027,0.039,345.0,1656.22,304.3,12.463000000000001
1985,1,0.289,0.038,345.35,1655.62,304.4,12.519
1985,2,0.042,0.038,345.8,1652.22,304.5,12.482
1985,3,0.179,0.039,346.64,1654.61,304.4,13.239
1985,4,0.175,0.035,346.94,1658.21,304.3,14.145000000000001
1985,5,0.209,0.037,346.78,1655.86,304.3,15.158999999999999
1985,6,0.183,0.064,346.26,1650.05,304.3,15.853
1985,7,-0.007,0.049,344.92,1646.83,304.2,15.943
1985,8,0.211,0.047,343.41,1652.23,304.3,15.991
1985,9,0.153,0.045,343.37,1662.48,304.4,15.343
1985,10,0.136,0.042,344.64,1667.51,304.6,14.386
1985,11,0.071,0.048,345.79,1666.8,304.7,13.301
1985,12,0.219,0.057,346.55,1666.05,304.9,12.709
1986,1,0.245,0.042,347.11,1666.29,305.0,12.475
1986,2,0.43,0.038,347.34,1666.9,305.1,12.87
1986,3,0.266,0.047,347.71,1669.27,305.1,13.326
1986,4,0.329,0.046,348.22,1670.82,305.2,14.299000000000001
1986,5,0.282,0.049,348.32,1668.43,305.1,15.232
1986,6,0.122,0.054,347.76,1664.77,305.2,15.792
1986,7,0.111,0.047,346.29,1662.36,305.3,16.061
1986,8,0.19,0.039,344.92,1664.36,305.3,15.969999999999999
1986,9,0.1,0.058,344.86,1672.57,305.4,15.29
1986,10,0.165,0.038,346.03,1678.69,305.6,14.415
1986,11,0.089,0.04,347.3,1678.97,305.7,13.319
1986,12,0.193,0.041,347.76,1679.11,305.8,12.683
1987,1,0.352,0.033,348.02,1679.39,305.9,12.582
1987,2,0.404,0.032,348.57,1679.02,305.8,12.844
1987,3,0.225,0.033,349.29,1680.07,305.8,13.285
1987,4,0.301,0.044,349.98,1681.39,305.7,14.271
1987,5,0.323,0.036,350.26,1681.83,305.7,15.273
1987,6,0.39,0.036,349.48,1679.99,305.7,16.06
1987,7,0.446,0.042,347.86,1675.99,305.7,16.396
1987,8,0.326,0.034,346.61,1677.14,305.8,16.105999999999998
1987,9,0.355,0.045,346.7,1685.58,305.9,15.545
1987,10,0.326,0.037,347.97,1691.58,306.0,14.576
1987,11,0.208,0.04,349.25,1691.16,306.2,13.438
1987,12,0.52,0.04,350.21,1690.49,306.3,13.01
1988,1,0.561,0.038,350.91,1692.07,306.5,12.791
1988,2,0.433,0.035,351.47,1692.68,306.5,12.873
1988,3,0.466,0.032,351.85,1691.41,306.5,13.526
1988,4,0.508,0.036,352.3,1690.12,306.5,14.478000000000002
1988,5,0.458,0.039,352.46,1689.06,306.5,15.408
1988,6,0.446,0.044,351.76,1687.06,306.5,16.116
1988,7,0.338,0.059,350.28,1685.81,306.5,16.288
1988,8,0.421,0.057,349.1,1689.11,306.6,16.201
1988,9,0.394,0.042,349.27,1695.86,306.7,15.584
1988,10,0.321,0.054,350.44,1701.08,306.9,14.571
1988,11,0.061,0.044,351.61,1702.89,307.1,13.291
1988,12,0.299,0.036,352.46,1702.0,307.2,12.789
1989,1,0.078,0.04,352.99,1700.58,307.3,12.308
1989,2,0.358,0.04,353.46,1701.05,307.4,12.798
1989,3,0.304,0.043,354.0,1702.47,307.4,13.364
1989,4,0.343,0.041,354.38,1703.61,307.3,14.313
1989,5,0.127,0.045,354.19,1703.35,307.4,15.077
1989,6,0.156,0.046,353.26,1700.2,307.4,15.826
1989,7,0.333,0.053,351.56,1698.22,307.5,16.282999999999998
1989,8,0.344,0.042,350.21,1701.97,307.6,16.124
1989,9,0.353,0.051,350.56,1707.17,307.7,15.543
1989,10,0.336,0.041,351.85,1710.53,307.9,14.586
1989,11,0.143,0.047,353.04,1713.11,308.0,13.373000000000001
1989,12,0.457,0.041,353.91,1713.22,308.2,12.947000000000001
1990,1,0.425,0.042,354.46,1712.12,308.3,12.655000000000001
1990,2,0.398,0.035,354.87,1713.49,308.4,12.838
1990,3,0.742,0.039,355.2,1714.39,308.4,13.802
1990,4,0.653,0.04,355.5,1712.53,308.4,14.623000000000001
1990,5,0.553,0.037,355.4,1710.55,308.4,15.503
1990,6,0.406,0.042,354.33,1708.32,308.5,16.076
1990,7,0.471,0.044,352.71,1706.42,308.5,16.421
1990,8,0.354,0.04,351.59,1710.09,308.6,16.134
1990,9,0.314,0.068,351.8,1717.56,308.7,15.504
1990,10,0.441,0.048,353.19,1722.08,308.8,14.691
1990,11,0.396,0.07,354.43,1723.51,309.0,13.626000000000001
1990,12,0.435,0.046,355.18,1723.31,309.1,12.925
1991,1,0.447,0.04,355.76,1721.54,309.2,12.677
1991,2,0.527,0.038,356.19,1721.17,309.3,12.966999999999999
1991,3,0.387,0.037,356.68,1722.09,309.3,13.447000000000001
1991,4,0.604,0.042,357.19,1722.52,309.2,14.574
1991,5,0.449,0.049,357.11,1722.18,309.2,15.399
1991,6,0.549,0.042,356.17,1718.98,309.2,16.219
1991,7,0.522,0.045,354.53,1716.07,309.2,16.471999999999998
1991,8,0.456,0.041,353.05,1719.22,309.2,16.236
1991,9,0.456,0.038,352.93,1726.18,309.3,15.645999999999999
1991,10,0.35,0.039,354.0,1732.79,309.5,14.6
1991,11,0.302,0.04,355.16,1737.47,309.6,13.532
1991,12,0.399,0.041,355.95,1739.61,309.7,12.889
1992,1,0.504,0.039,356.52,1738.97,309.8,12.734
1992,2,0.45,0.041,356.89,1737.39,309.8,12.889999999999999
1992,3,0.469,0.049,357.26,1736.94,309.8,13.529
1992,4,0.343,0.04,357.75,1736.65,309.8,14.313
1992,5,0.343,0.055,357.82,1734.92,309.7,15.293
1992,6,0.285,0.041,356.87,1731.55,309.7,15.955
1992,7,0.128,0.043,355.19,1728.82,309.7,16.078
1992,8,0.12,0.052,353.68,1730.3,309.8,15.899999999999999
1992,9,-0.028,0.059,353.58,1734.58,309.9,15.161999999999999
1992,10,0.05,0.055,354.8,1737.67,310.0,14.3
1992,11,0.007,0.042,355.98,1739.22,310.1,13.237
1992,12,0.259,0.05,356.74,1738.55,310.2,12.749
1993,1,0.406,0.043,357.21,1735.77,310.2,12.636000000000001
1993,2,0.433,0.041,357.55,1734.38,310.2,12.873
1993,3,0.386,0.038,357.96,1735.51,310.1,13.446
1993,4,0.37,0.04,358.43,1736.7,310.0,14.34
1993,5,0.357,0.044,358.38,1734.96,310.0,15.306999999999999
1993,6,0.313,0.039,357.34,1730.84,309.9,15.983
1993,7,0.286,0.043,355.72,1728.08,309.9,16.236
1993,8,0.213,0.05,354.44,1731.2,309.9,15.992999999999999
1993,9,0.207,0.044,354.47,1738.46,310.0,15.397
1993,10,0.29,0.051,355.7,1743.36,310.1,14.54
1993,11,0.12,0.045,356.95,1745.17,310.2,13.35
1993,12,0.245,0.046,357.85,1744.27,310.4,12.735
1994,1,0.305,0.042,358.47,1741.44,310.5,12.535
1994,2,0.106,0.044,359.01,1740.87,310.5,12.546
1994,3,0.374,0.039,359.36,1741.94,310.5,13.434000000000001
1994,4,0.456,0.038,359.71,1741.95,310.5,14.426
1994,5,0.366,0.046,359.74,1740.63,310.5,15.315999999999999
1994,6,0.446,0.042,358.81,1736.9,310.5,16.116
1994,7,0.297,0.043,357.27,1732.45,310.6,16.247
1994,8,0.246,0.041,356.05,1734.09,310.6,16.026
1994,9,0.344,0.046,356.02,1742.93,310.7,15.533999999999999
1994,10,0.449,0.048,357.26,1749.84,310.9,14.699
1994,11,0.426,0.037,358.69,1751.25,311.1,13.656
1994,12,0.4,0.038,359.55,1751.59,311.2,12.89
1995,1,0.533,0.038,360.13,1751.13,311.3,12.763
1995,2,0.777,0.038,360.61,1749.49,311.3,13.216999999999999
1995,3,0.481,0.037,361.08,1748.99,311.3,13.541
1995,4,0.587,0.038,361.55,1749.44,311.3,14.557
1995,5,0.388,0.042,361.47,1747.63,311.2,15.338
1995,6,0.509,0.042,360.61,1742.83,311.2,16.179
1995,7,0.544,0.046,358.99,1740.19,311.2,16.494
1995,8,0.548,0.047,357.73,1743.57,311.3,16.328
1995,9,0.412,0.047,358.05,1749.77,311.4,15.602
1995,10,0.514,0.045,359.42,1754.36,311.5,14.764
1995,11,0.462,0.044,360.77,1755.5,311.7,13.692
1995,12,0.346,0.038,361.65,1753.85,311.8,12.836
1996,1,0.337,0.036,362.14,1752.24,311.9,12.567
1996,2,0.585,0.041,362.5,1752.72,311.9,13.024999999999999
1996,3,0.45,0.041,362.82,1752.21,311.9,13.51
1996,4,0.464,0.039,363.14,1749.6,311.9,14.434000000000001
1996,5,0.332,0.04,363.29,1748.27,311.8,15.282
1996,6,0.282,0.045,362.88,1746.03,311.8,15.952
1996,7,0.369,0.04,361.57,1742.06,311.9,16.319
1996,8,0.533,0.037,360.07,1744.24,311.9,16.313
1996,9,0.3,0.047,359.7,1752.58,312.1,15.49
1996,10,0.209,0.051,360.67,1758.87,312.2,14.459
1996,11,0.426,0.049,361.78,1760.03,312.4,13.656
1996,12,0.481,0.04,362.63,1756.91,312.5,12.971
1997,1,0.372,0.043,363.28,1753.39,312.6,12.602
1997,2,0.428,0.039,363.65,1753.85,312.7,12.868
1997,3,0.56,0.04,364.03,1755.66,312.7,13.620000000000001
1997,4,0.503,0.044,364.51,1755.54,312.7,14.473
1997,5,0.448,0.042,364.51,1753.83,312.7,15.398
1997,6,0.622,0.042,363.6,1750.12,312.8,16.292
1997,7,0.409,0.053,361.93,1746.15,312.8,16.358999999999998
1997,8,0.466,0.039,360.41,1747.87,312.8,16.246
1997,9,0.576,0.043,360.41,1755.0,313.0,15.766
1997,10,0.7,0.054,361.94,1760.25,313.1,14.95
1997,11,0.706,0.045,363.61,1761.69,313.3,13.936
1997,12,0.666,0.044,364.68,1761.9,313.4,13.156
1998,1,0.66,0.041,365.19,1761.46,313.5,12.89
1998,2,0.888,0.038,365.46,1761.42,313.6,13.328
1998,3,0.683,0.039,365.93,1762.94,313.6,13.743
1998,4,0.816,0.037,366.58,1764.72,313.5,14.786000000000001
1998,5,0.772,0.047,366.86,1764.22,313.6,15.722
1998,6,0.794,0.071,366.27,1760.33,313.6,16.464
1998,7,0.732,0.049,364.84,1756.18,313.6,16.682
1998,8,0.766,0.044,363.79,1760.18,313.7,16.546
1998,9,0.507,0.042,364.04,1770.65,313.8,15.697
1998,10,0.491,0.052,365.34,1776.24,314.0,14.741
1998,11,0.487,0.042,366.6,1775.47,314.1,13.717
1998,12,0.663,0.039,367.47,1774.04,314.3,13.153
1999,1,0.512,0.041,368.12,1773.82,314.4,12.742
1999,2,0.693,0.044,368.52,1773.91,314.5,13.133
1999,3,0.39,0.037,368.91,1774.61,314.5,13.450000000000001
1999,4,0.418,0.035,369.3,1775.02,314.4,14.388
1999,5,0.35,0.041,369.21,1772.69,314.4,15.299999999999999
1999,6,0.444,0.037,368.36,1767.37,314.4,16.114
1999,7,0.402,0.047,366.69,1763.0,314.4,16.352
1999,8,0.377,0.039,365.32,1764.66,314.5,16.157
1999,9,0.473,0.043,365.44,1771.04,314.7,15.663
1999,10,0.399,0.059,366.75,1776.66,314.9,14.649000000000001
1999,11,0.395,0.038,368.05,1778.59,315.0,13.625
1999,12,0.494,0.036,368.88,1777.27,315.2,12.984
2000,1,0.337,0.036,369.39,1775.7,315.4,12.567
2000,2,0.599,0.04,369.65,1775.74,315.5,13.039
2000,3,0.571,0.041,369.97,1776.74,315.5,13.631
2000,4,0.64,0.044,370.35,1777.33,315.5,14.610000000000001
2000,5,0.421,0.037,370.24,1774.6,315.5,15.370999999999999
2000,6,0.451,0.044,369.31,1768.16,315.6,16.121
2000,7,0.397,0.04,367.91,1763.55,315.6,16.346999999999998
2000,8,0.495,0.04,366.76,1765.57,315.7,16.275
2000,9,0.467,0.039,366.71,1772.1,315.8,15.657
2000,10,0.282,0.048,367.91,1777.15,316.0,14.532
2000,11,0.342,0.039,369.28,1777.82,316.1,13.572000000000001
2000,12,0.359,0.04,370.1,1775.39,316.3,12.849
2001,1,0.519,0.04,370.69,1772.89,316.4,12.749
2001,2,0.503,0.038,371.18,1772.5,316.4,12.943
2001,3,0.61,0.035,371.59,1773.66,316.3,13.67
2001,4,0.616,0.032,371.9,1773.89,316.3,14.586
2001,5,0.607,0.042,371.8,1770.73,316.2,15.556999999999999
2001,6,0.567,0.059,370.85,1765.85,316.2,16.237
2001,7,0.582,0.05,369.46,1762.81,316.3,16.532
2001,8,0.496,0.047,368.32,1764.3,316.3,16.276
2001,9,0.558,0.046,368.36,1770.35,316.4,15.748
2001,10,0.513,0.045,369.71,1775.5,316.6,14.763
2001,11,0.714,0.048,371.05,1776.56,316.7,13.944
2001,12,0.68,0.045,371.97,1775.93,316.9,13.17
2002,1,0.774,0.057,372.51,1774.12,317.0,13.004000000000001
2002,2,0.73,0.045,372.91,1772.81,317.1,13.17
2002,3,0.943,0.035,373.38,1773.41,317.0,14.003
2002,4,0.692,0.033,373.72,1772.77,316.9,14.662
2002,5,0.697,0.037,373.71,1770.29,316.9,15.646999999999998
2002,6,0.576,0.034,372.84,1766.9,316.9,16.246
2002,7,0.608,0.043,371.41,1764.24,317.0,16.558
2002,8,0.578,0.048,370.37,1766.84,317.0,16.358
2002,9,0.693,0.043,370.69,1773.65,317.1,15.883
2002,10,0.619,0.046,371.96,1778.27,317.2,14.869
2002,11,0.587,0.056,373.29,1779.49,317.3,13.817
2002,12,0.583,0.042,374.26,1779.65,317.4,13.073
2003,1,0.809,0.051,374.94,1777.55,317.5,13.039
2003,2,0.615,0.038,375.47,1774.81,317.5,13.055
2003,3,0.597,0.038,375.92,1774.85,317.6,13.657
2003,4,0.643,0.045,376.4,1775.82,317.6,14.613000000000001
2003,5,0.668,0.039,376.55,1774.43,317.6,15.617999999999999
2003,6,0.502,0.044,375.72,1771.68,317.6,16.172
2003,7,0.573,0.045,374.17,1770.73,317.7,16.523
2003,8,0.675,0.04,372.94,1774.29,317.7,16.455
2003,9,0.699,0.042,373.11,1780.54,317.9,15.889
2003,10,0.749,0.056,374.39,1784.7,318.0,14.999
2003,11,0.543,0.047,375.67,1785.27,318.1,13.773
2003,12,0.795,0.054,376.53,1783.56,318.2,13.285
2004,1,0.656,0.044,377.21,1780.92,318.3,12.886000000000001
2004,2,0.735,0.039,377.73,1779.95,318.3,13.174999999999999
2004,3,0.641,0.034,378.16,1780.98,318.3,13.701
2004,4,0.705,0.039,378.48,1780.73,318.3,14.675
2004,5,0.435,0.045,378.4,1777.55,318.3,15.385
2004,6,0.447,0.041,377.51,1772.29,318.3,16.117
2004,7,0.263,0.038,375.96,1768.06,318.3,16.213
2004,8,0.484,0.043,374.49,1769.78,318.4,16.264
2004,9,0.56,0.063,374.39,1775.49,318.4,15.75
2004,10,0.638,0.047,375.73,1779.7,318.6,14.888
2004,11,0.709,0.045,377.2,1780.46,318.7,13.939
2004,12,0.563,0.037,378.17,1778.37,318.9,13.053
2005,1,0.799,0.036,378.73,1776.36,319.0,13.029
2005,2,0.687,0.036,379.27,1775.8,319.0,13.126999999999999
2005,3,0.787,0.035,379.87,1775.45,319.0,13.847000000000001
2005,4,0.764,0.035,380.32,1774.6,319.0,14.734
2005,5,0.708,0.039,380.42,1772.22,318.9,15.658
2005,6,0.705,0.049,379.6,1768.54,318.9,16.375
2005,7,0.622,0.048,377.94,1766.27,319.0,16.572
2005,8,0.655,0.046,376.73,1768.02,319.1,16.435
2005,9,0.755,0.046,376.76,1773.08,319.2,15.945
2005,10,0.829,0.039,378.07,1778.5,319.4,15.079
2005,11,0.734,0.048,379.53,1781.22,319.5,13.964
2005,12,0.781,0.041,380.53,1780.28,319.8,13.271
2006,1,0.648,0.041,381.33,1779.56,319.8,12.878
2006,2,0.833,0.037,381.95,1779.46,319.9,13.273
2006,3,0.702,0.032,382.34,1777.38,319.9,13.762
2006,4,0.619,0.037,382.67,1776.14,319.9,14.589
2006,5,0.568,0.04,382.63,1774.96,319.9,15.517999999999999
2006,6,0.679,0.036,381.76,1769.3,319.8,16.349
2006,7,0.482,0.043,380.07,1764.2,319.9,16.432
2006,8,0.758,0.041,378.49,1767.19,319.9,16.538
2006,9,0.652,0.044,378.63,1774.54,320.1,15.841999999999999
2006,10,0.71,0.035,380.08,1778.24,320.2,14.96
2006,11,0.714,0.04,381.44,1779.05,320.3,13.944
2006,12,0.851,0.038,382.39,1779.95,320.4,13.341000000000001
2007,1,0.996,0.033,383.03,1779.22,320.5,13.226
2007,2,0.772,0.038,383.55,1778.58,320.6,13.212
2007,3,0.702,0.035,384.02,1780.25,320.5,13.762
2007,4,0.882,0.04,384.28,1781.14,320.5,14.852
2007,5,0.721,0.043,384.13,1779.46,320.5,15.671
2007,6,0.624,0.037,383.26,1775.61,320.4,16.294
2007,7,0.65,0.033,381.55,1772.61,320.4,16.599999999999998
2007,8,0.651,0.045,380.29,1777.18,320.6,16.431
2007,9,0.619,0.037,380.68,1785.86,320.8,15.809
2007,10,0.645,0.038,382.1,1789.87,321.0,14.895
2007,11,0.603,0.041,383.45,1789.53,321.2,13.833
2007,12,0.528,0.044,384.46,1788.19,321.3,13.018
2008,1,0.316,0.045,385.23,1786.71,321.5,12.546000000000001
2008,2,0.37,0.035,385.74,1785.79,321.5,12.809999999999999
2008,3,0.689,0.045,386.15,1786.17,321.5,13.749
2008,4,0.607,0.033,386.53,1786.9,321.5,14.577
2008,5,0.574,0.036,386.49,1785.19,321.5,15.524
2008,6,0.518,0.041,385.58,1780.47,321.6,16.188
2008,7,0.589,0.031,384.1,1777.67,321.6,16.538999999999998
2008,8,0.503,0.04,382.77,1781.04,321.6,16.282999999999998
2008,9,0.689,0.035,382.54,1787.65,321.7,15.879
2008,10,0.719,0.039,383.67,1793.69,321.8,14.969
2008,11,0.678,0.052,385.18,1797.31,322.0,13.908000000000001
2008,12,0.606,0.042,386.27,1796.6,322.1,13.096
2009,1,0.718,0.049,387.03,1795.08,322.3,12.948
2009,2,0.595,0.035,387.48,1795.58,322.4,13.035
2009,3,0.524,0.038,387.71,1795.98,322.4,13.584
2009,4,0.66,0.049,387.99,1795.57,322.3,14.63
2009,5,0.673,0.042,387.95,1792.33,322.2,15.623
2009,6,0.701,0.041,386.96,1786.91,322.2,16.371
2009,7,0.79,0.039,385.01,1784.99,322.2,16.74
2009,8,0.753,0.043,383.63,1788.82,322.4,16.532999999999998
2009,9,0.752,0.039,383.93,1794.8,322.5,15.942
2009,10,0.728,0.038,385.5,1798.05,322.7,14.978
2009,11,0.791,0.042,386.94,1797.89,322.8,14.021
2009,12,0.794,0.037,387.84,1796.7,323.0,13.284
2010,1,0.834,0.047,388.62,1797.14,323.1,13.064
2010,2,0.916,0.038,389.33,1798.76,323.1,13.356
2010,3,0.934,0.037,389.68,1799.47,323.1,13.994
2010,4,0.987,0.045,389.98,1799.66,323.2,14.957
2010,5,0.818,0.036,389.95,1797.71,323.2,15.767999999999999
2010,6,0.7,0.042,389.01,1792.55,323.2,16.37
2010,7,0.619,0.034,387.35,1789.49,323.2,16.569
2010,8,0.71,0.038,386.23,1794.08,323.3,16.49
2010,9,0.69,0.048,386.7,1801.83,323.4,15.879999999999999
2010,10,0.754,0.04,388.25,1806.57,323.6,15.004
2010,11,0.783,0.051,389.62,1807.04,323.9,14.013
2010,12,0.581,0.048,390.36,1803.63,324.0,13.071
2011,1,0.616,0.042,390.93,1800.48,324.1,12.846
2011,2,0.576,0.041,391.35,1800.17,324.2,13.016
2011,3,0.701,0.034,391.67,1800.98,324.2,13.761000000000001
2011,4,0.723,0.043,392.05,1802.91,324.2,14.693000000000001
2011,5,0.59,0.052,392.07,1803.3,324.2,15.54
2011,6,0.685,0.043,391.13,1799.15,324.2,16.355
2011,7,0.788,0.04,389.19,1796.23,324.2,16.738
2011,8,0.822,0.048,387.86,1799.05,324.3,16.602
2011,9,0.606,0.042,388.26,1804.05,324.4,15.796
2011,10,0.67,0.04,389.83,1809.6,324.6,14.92
2011,11,0.575,0.061,391.2,1812.39,324.8,13.805
2011,12,0.654,0.045,392.04,1810.04,324.9,13.144
2012,1,0.482,0.04,392.61,1807.4,325.0,12.712
2012,2,0.526,0.038,393.2,1808.35,325.1,12.966
2012,3,0.518,0.04,393.73,1810.07,325.1,13.578000000000001
2012,4,0.771,0.044,393.99,1808.5,325.1,14.741000000000001
2012,5,0.816,0.049,393.88,1804.75,325.1,15.766
2012,6,0.696,0.043,392.84,1801.01,325.1,16.366
2012,7,0.578,0.052,391.0,1799.4,325.1,16.528
2012,8,0.751,0.063,389.89,1803.29,325.2,16.531
2012,9,0.782,0.047,390.55,1810.15,325.3,15.972
2012,10,0.852,0.05,392.16,1814.85,325.5,15.102
2012,11,0.816,0.053,393.56,1815.95,325.7,14.046000000000001
2012,12,0.614,0.045,394.39,1814.59,325.8,13.104000000000001
2013,1,0.739,0.04,395.07,1814.06,325.9,12.969000000000001
2013,2,0.608,0.04,395.7,1814.13,325.9,13.048
2013,3,0.684,0.036,396.29,1813.26,326.0,13.744
2013,4,0.639,0.041,396.74,1812.84,326.0,14.609
2013,5,0.679,0.056,396.75,1811.94,326.0,15.629
2013,6,0.681,0.04,395.96,1808.56,326.1,16.351
2013,7,0.593,0.034,394.47,1805.8,326.1,16.543
2013,8,0.736,0.045,393.24,1808.39,326.2,16.516
2013,9,0.8,0.039,393.21,1814.31,326.3,15.99
2013,10,0.706,0.042,394.51,1818.6,326.4,14.956
2013,11,0.844,0.049,395.97,1820.35,326.6,14.074
2013,12,0.744,0.039,396.87,1819.33,326.8,13.234
2014,1,0.788,0.039,397.51,1816.85,326.9,13.018
2014,2,0.583,0.036,397.97,1816.39,326.9,13.023
2014,3,0.782,0.038,398.27,1818.14,327.0,13.842
2014,4,0.859,0.038,398.63,1820.91,327.0,14.829
2014,5,0.898,0.042,398.69,1821.89,327.1,15.847999999999999
2014,6,0.683,0.049,397.72,1818.33,327.1,16.353
2014,7,0.592,0.04,396.13,1815.56,327.2,16.541999999999998
2014,8,0.9,0.05,395.02,1819.71,327.3,16.68
2014,9,0.914,0.036,395.12,1826.86,327.5,16.104
2014,10,0.857,0.041,396.38,1831.24,327.7,15.107
2014,11,0.636,0.043,397.86,1833.05,327.8,13.866
2014,12,0.816,0.047,398.84,1833.55,328.0,13.306000000000001
2015,1,0.864,0.04,399.56,1833.1,328.1,13.094000000000001
2015,2,0.891,0.033,400.12,1832.97,328.1,13.331
2015,3,0.911,0.033,400.57,1833.2,328.1,13.971
2015,4,0.866,0.047,400.96,1833.17,328.1,14.836
2015,5,0.864,0.036,400.91,1831.65,328.1,15.814
2015,6,0.831,0.037,400.06,1827.24,328.1,16.501
2015,7,0.745,0.037,398.38,1824.72,328.2,16.695
2015,8,0.878,0.038,397.07,1829.15,328.3,16.657999999999998
2015,9,0.896,0.035,397.34,1836.23,328.4,16.086
2015,10,1.096,0.06,398.8,1841.43,328.6,15.346
2015,11,1.027,0.052,400.36,1844.67,328.7,14.257
2015,12,1.197,0.046,401.66,1844.89,328.9,13.687000000000001
2016,1,1.252,0.036,402.61,1842.46,329.0,13.482000000000001
2016,2,1.332,0.033,403.25,1841.62,329.0,13.772
2016,3,1.323,0.046,403.84,1843.01,329.0,14.383000000000001
2016,4,1.176,0.049,404.36,1843.76,329.0,15.146
2016,5,1.047,0.035,404.4,1842.11,329.0,15.997
2016,6,0.838,0.039,403.62,1837.83,328.9,16.508
2016,7,0.849,0.038,402.1,1834.19,328.9,16.799
2016,8,1.047,0.032,400.78,1836.68,328.9,16.826999999999998
2016,9,0.925,0.036,400.95,1844.17,329.1,16.115
2016,10,0.962,0.045,402.4,1849.88,329.2,15.212
2016,11,0.965,0.037,403.76,1851.43,329.4,14.195
2016,12,0.98,0.033,404.67,1851.05,329.5,13.47
2017,1,1.087,0.038,405.33,1849.7,329.6,13.317
2017,2,1.174,0.041,405.91,1848.38,329.7,13.613999999999999
2017,3,1.215,0.036,406.32,1848.18,329.7,14.275
2017,4,1.044,0.036,406.6,1848.55,329.7,15.014000000000001
2017,5,0.983,0.033,406.64,1847.12,329.7,15.933
2017,6,0.734,0.035,405.85,1842.93,329.7,16.404
2017,7,0.821,0.044,404.11,1840.42,329.8,16.771
2017,8,0.909,0.04,402.57,1844.61,329.9,16.689
2017,9,0.786,0.045,402.66,1852.7,330.1,15.975999999999999
2017,10,0.927,0.04,404.16,1857.99,330.2,15.177
2017,11,0.861,0.049,405.7,1858.51,330.4,14.091000000000001
2017,12,0.997,0.042,406.75,1856.51,330.5,13.487
2018,1,0.874,0.033,407.53,1854.44,330.7,13.104000000000001
2018,2,0.92,0.04,408.23,1854.96,330.8,13.36
2018,3,0.93,0.036,408.77,1856.87,330.9,13.99
2018,4,0.989,0.031,409.07,1856.7,330.9,14.959000000000001
2018,5,0.846,0.066,408.93,1854.79,330.9,15.796
2018,6,0.805,0.057,408.06,1852.01,330.9,16.475
2018,7,0.815,0.032,406.49,1849.12,330.9,16.765
2018,8,0.832,0.048,405.11,1851.91,331.0,16.612
2018,9,0.81,0.044,405.18,1860.47,331.2,16.0
2018,10,1.007,0.055,406.65,1865.77,331.4,15.257
2018,11,0.823,0.038,408.12,1866.25,331.6,14.053
2018,12,0.98,0.044,409.19,1866.03,331.8,13.47
2019,1,0.949,0.041,409.92,1865.0,331.9,13.179
2019,2,0.985,0.037,410.34,1865.01,331.9,13.424999999999999
2019,3,1.215,0.032,410.89,1866.32,331.9,14.275
2019,4,1.11,0.037,411.33,1865.34,331.8,15.08
2019,5,0.922,0.047,411.34,1861.96,331.8,15.872
2019,6,0.888,0.038,410.53,1858.78,331.9,16.558
2019,7,0.957,0.034,408.88,1858.27,331.9,16.907
2019,8,1.006,0.041,407.64,1862.9,332.0,16.785999999999998
2019,9,0.944,0.049,407.92,1870.77,332.1,16.134
2019,10,1.11,0.043,409.44,1875.4,332.3,15.36
2019,11,1.012,0.072,410.87,1875.55,332.4,14.242
2019,12,1.158,0.068,411.76,1874.67,332.6,13.648
2020,1,1.197,0.047,412.43,1873.17,332.7,13.427
2020,2,1.222,0.035,412.95,1872.73,332.8,13.661999999999999
2020,3,1.174,0.032,413.44,1874.76,332.9,14.234
2020,4,1.227,0.045,413.86,1875.88,332.9,15.197000000000001
2020,5,1.041,0.04,413.81,1874.29,332.9,15.991
2020,6,0.92,0.032,412.88,1871.86,333.0,16.59
2020,7,0.937,0.034,411.17,1871.52,333.1,16.887
2020,8,0.96,0.036,409.73,1876.53,333.2,16.74
2020,9,1.009,0.04,410.0,1884.66,333.4,16.198999999999998
2020,10,0.93,0.063,411.66,1890.11,333.5,15.18
2020,11,1.091,0.08,413.25,1891.92,333.7,14.321
2020,12,0.866,0.072,414.14,1891.78,333.9,13.356
2021,1,0.888,0.048,414.74,1889.49,334.0,13.118
2021,2,0.692,0.033,415.2,1887.53,334.1,13.132
2021,3,0.864,0.045,415.49,1888.66,334.2,13.924000000000001
2021,4,0.881,0.04,415.81,1891.1,334.2,14.851
2021,5,0.863,0.047,416.01,1891.5,334.2,15.812999999999999
2021,6,0.842,0.051,415.2,1888.46,334.3,16.512
2021,7,0.912,0.042,413.45,1886.4,334.3,16.862
2021,8,0.908,0.038,412.15,1892.6,334.4,16.688
2021,9,0.988,0.04,412.38,1902.63,334.6,16.178
2021,10,1.058,0.047,413.83,1908.01,334.8,15.308
2021,11,0.938,0.067,415.58,1909.51,335.0,14.168000000000001
2021,12,0.889,0.066,416.61,1908.78,335.2,13.379
2022,1,0.943,0.05,417.18,1907.47,335.4,13.173
2022,2,0.886,0.036,417.64,1907.68,335.5,13.325999999999999
2022,3,1.074,0.038,418.16,1909.01,335.5,14.134
2022,4,0.923,0.044,418.58,1909.6,335.5,14.893
2022,5,0.884,0.04,418.45,1907.8,335.6,15.834
2022,6,0.967,0.049,417.43,1905.19,335.6,16.637
2022,7,0.928,0.048,415.68,1904.46,335.7,16.878
2022,8,0.976,0.039,414.41,1908.82,335.8,16.756
2022,9,0.919,0.041,414.63,1915.52,335.9,16.108999999999998
2022,10,1.04,0.044,416.14,1919.85,336.1,15.29
2022,11,0.729,0.067,417.77,1923.43,336.3,13.959
2022,12,0.936,0.062,418.8,1924.69,336.5,13.426
1984,1,0.24,0.04,344.32,1638.79,303.8,12.47
1984,2,0.157,0.04,344.82,1638.84,303.8,12.597
1984,3,0.257,0.036,344.96,1640.88,303.7,13.317
1984,4,0.185,0.058,345.19,1643.99,303.7,14.155000000000001
1984,5,0.291,0.041,345.33,1643.12,303.7,15.241
1984,6,0.046,0.054,344.57,1639.73,303.7,15.716
1984,7,0.055,0.049,343.2,1638.01,303.7,16.005
1984,8,0.132,0.038,342.21,1641.67,303.8,15.911999999999999
1984,9,0.141,0.04,342.13,1650.59,303.8,15.331
1984,10,0.058,0.037,342.99,1654.61,304.0,14.308
1984,11,-0.001,0.041,344.16,1653.79,304.1,13.229000000000001
1984,12,-0.049,0.034,345.0,1656.22,304.3,12.441
1985,1,0.229,0.033,345.35,1655.62,304.4,12.459
1985,2,0.017,0.037,345.8,1652.22,304.5,12.456999999999999
1985,3,0.168,0.033,346.64,1654.61,304.4,13.228
1985,4,0.165,0.032,346.94,1658.21,304.3,14.135
1985,5,0.153,0.036,346.78,1655.86,304.3,15.103
1985,6,0.115,0.052,346.26,1650.05,304.3,15.785
1985,7,0.009,0.039,344.92,1646.83,304.2,15.959
1985,8,0.199,0.047,343.41,1652.23,304.3,15.979
1985,9,0.094,0.038,343.37,1662.48,304.4,15.283999999999999
1985,10,0.156,0.061,344.64,1667.51,304.6,14.406
1985,11,0.088,0.05,345.79,1666.8,304.7,13.318
1985,12,0.167,0.042,346.55,1666.05,304.9,12.657
1986,1,0.276,0.035,347.11,1666.29,305.0,12.506
1986,2,0.377,0.033,347.34,1666.9,305.1,12.817
1986,3,0.237,0.035,347.71,1669.27,305.1,13.297
1986,4,0.252,0.039,348.22,1670.82,305.2,14.222000000000001
1986,5,0.169,0.045,348.32,1668.43,305.1,15.119
1986,6,0.082,0.04,347.76,1664.77,305.2,15.752
1986,7,0.086,0.039,346.29,1662.36,305.3,16.035999999999998
1986,8,0.131,0.036,344.92,1664.36,305.3,15.911
1986,9,0.049,0.059,344.86,1672.57,305.4,15.238999999999999
1986,10,0.153,0.039,346.03,1678.69,305.6,14.403
1986,11,0.099,0.036,347.3,1678.97,305.7,13.329
1986,12,0.171,0.032,347.76,1679.11,305.8,12.661
1987,1,0.313,0.029,348.02,1679.39,305.9,12.543000000000001
1987,2,0.456,0.03,348.57,1679.02,305.8,12.895999999999999
1987,3,0.192,0.03,349.29,1680.07,305.8,13.252
1987,4,0.265,0.039,349.98,1681.39,305.7,14.235000000000001
1987,5,0.255,0.032,350.26,1681.83,305.7,15.205
1987,6,0.31,0.036,349.48,1679.99,305.7,15.98
1987,7,0.384,0.033,347.86,1675.99,305.7,16.334
1987,8,0.257,0.031,346.61,1677.14,305.8,16.037
1987,9,0.346,0.037,346.7,1685.58,305.9,15.536
1987,10,0.328,0.035,347.97,1691.58,306.0,14.578
1987,11,0.252,0.036,349.25,1691.16,306.2,13.482000000000001
1987,12,0.486,0.037,350.21,1690.49,306.3,12.976
1988,1,0.537,0.032,350.91,1692.07,306.5,12.767000000000001
1988,2,0.356,0.031,351.47,1692.68,306.5,12.796
1988,3,0.451,0.029,351.85,1691.41,306.5,13.511000000000001
1988,4,0.439,0.032,352.3,1690.12,306.5,14.409
1988,5,0.348,0.035,352.46,1689.06,306.5,15.298
1988,6,0.364,0.041,351.76,1687.06,306.5,16.034
1988,7,0.274,0.042,350.28,1685.81,306.5,16.224
1988,8,0.354,0.047,349.1,1689.11,306.6,16.134
1988,9,0.321,0.037,349.27,1695.86,306.7,15.511
1988,10,0.339,0.048,350.44,1701.08,306.9,14.589
1988,11,0.175,0.043,351.61,1702.89,307.1,13.405000000000001
1988,12,0.301,0.035,352.46,1702.0,307.2,12.791
1989,1,0.139,0.036,352.99,1700.58,307.3,12.369
1989,2,0.269,0.035,353.46,1701.05,307.4,12.709
1989,3,0.262,0.038,354.0,1702.47,307.4,13.322000000000001
1989,4,0.254,0.039,354.38,1703.61,307.3,14.224
1989,5,0.118,0.039,354.19,1703.35,307.4,15.068
1989,6,0.132,0.047,353.26,1700.2,307.4,15.802
1989,7,0.26,0.045,351.56,1698.22,307.5,16.21
1989,8,0.258,0.037,350.21,1701.97,307.6,16.038
1989,9,0.258,0.04,350.56,1707.17,307.7,15.448
1989,10,0.303,0.037,351.85,1710.53,307.9,14.553
1989,11,0.226,0.046,353.04,1713.11,308.0,13.456000000000001
1989,12,0.451,0.036,353.91,1713.22,308.2,12.941
1990,1,0.443,0.035,354.46,1712.12,308.3,12.673
1990,2,0.449,0.031,354.87,1713.49,308.4,12.889
1990,3,0.677,0.033,355.2,1714.39,308.4,13.737
1990,4,0.527,0.035,355.5,1712.53,308.4,14.497
1990,5,0.389,0.036,355.4,1710.55,308.4,15.338999999999999
1990,6,0.351,0.044,354.33,1708.32,308.5,16.021
1990,7,0.353,0.042,352.71,1706.42,308.5,16.303
1990,8,0.296,0.038,351.59,1710.09,308.6,16.076
1990,9,0.239,0.056,351.8,1717.56,308.7,15.429
1990,10,0.44,0.041,353.19,1722.08,308.8,14.69
1990,11,0.444,0.05,354.43,1723.51,309.0,13.674000000000001
1990,12,0.464,0.036,355.18,1723.31,309.1,12.954
1991,1,0.44,0.034,355.76,1721.54,309.2,12.67
1991,2,0.51,0.033,356.19,1721.17,309.3,12.95
1991,3,0.326,0.035,356.68,1722.09,309.3,13.386000000000001
1991,4,0.529,0.037,357.19,1722.52,309.2,14.499
1991,5,0.363,0.042,357.11,1722.18,309.2,15.312999999999999
1991,6,0.465,0.04,356.17,1718.98,309.2,16.135
1991,7,0.463,0.037,354.53,1716.07,309.2,16.413
1991,8,0.357,0.037,353.05,1719.22,309.2,16.137
1991,9,0.315,0.036,352.93,1726.18,309.3,15.504999999999999
1991,10,0.323,0.036,354.0,1732.79,309.5,14.573
1991,11,0.303,0.037,355.16,1737.47,309.6,13.533000000000001
1991,12,0.355,0.033,355.95,1739.61,309.7,12.845
1992,1,0.518,0.036,356.52,1738.97,309.8,12.748000000000001
1992,2,0.461,0.036,356.89,1737.39,309.8,12.901
1992,3,0.398,0.041,357.26,1736.94,309.8,13.458
1992,4,0.294,0.038,357.75,1736.65,309.8,14.264000000000001
1992,5,0.3,0.038,357.82,1734.92,309.7,15.25
1992,6,0.245,0.041,356.87,1731.55,309.7,15.915
1992,7,0.064,0.04,355.19,1728.82,309.7,16.014
1992,8,0.081,0.043,353.68,1730.3,309.8,15.860999999999999
1992,9,-0.037,0.043,353.58,1734.58,309.9,15.152999999999999
1992,10,0.095,0.041,354.8,1737.67,310.0,14.345
1992,11,0.032,0.036,355.98,1739.22,310.1,13.262
1992,12,0.253,0.041,356.74,1738.55,310.2,12.743
1993,1,0.427,0.035,357.21,1735.77,310.2,12.657
1993,2,0.395,0.037,357.55,1734.38,310.2,12.834999999999999
1993,3,0.379,0.036,357.96,1735.51,310.1,13.439
1993,4,0.296,0.035,358.43,1736.7,310.0,14.266
1993,5,0.258,0.039,358.38,1734.96,310.0,15.207999999999998
1993,6,0.238,0.04,357.34,1730.84,309.9,15.908
1993,7,0.243,0.045,355.72,1728.08,309.9,16.192999999999998
1993,8,0.132,0.04,354.44,1731.2,309.9,15.911999999999999
1993,9,0.141,0.037,354.47,1738.46,310.0,15.331
1993,10,0.25,0.046,355.7,1743.36,310.1,14.5
1993,11,0.107,0.038,356.95,1745.17,310.2,13.337
1993,12,0.269,0.039,357.85,1744.27,310.4,12.759
1994,1,0.289,0.037,358.47,1741.44,310.5,12.519
1994,2,0.075,0.039,359.01,1740.87,310.5,12.514999999999999
1994,3,0.379,0.035,359.36,1741.94,310.5,13.439
1994,4,0.394,0.037,359.71,1741.95,310.5,14.364
1994,5,0.339,0.037,359.74,1740.63,310.5,15.289
1994,6,0.397,0.037,358.81,1736.9,310.5,16.067
1994,7,0.276,0.041,357.27,1732.45,310.6,16.226
1994,8,0.228,0.038,356.05,1734.09,310.6,16.008
1994,9,0.265,0.037,356.02,1742.93,310.7,15.455
1994,10,0.424,0.044,357.26,1749.84,310.9,14.674
1994,11,0.437,0.038,358.69,1751.25,311.1,13.667
1994,12,0.377,0.037,359.55,1751.59,311.2,12.867
1995,1,0.519,0.036,360.13,1751.13,311.3,12.749
1995,2,0.703,0.032,360.61,1749.49,311.3,13.142999999999999
1995,3,0.435,0.035,361.08,1748.99,311.3,13.495000000000001
1995,4,0.415,0.034,361.55,1749.44,311.3,14.385
1995,5,0.292,0.037,361.47,1747.63,311.2,15.241999999999999
1995,6,0.413,0.038,360.61,1742.83,311.2,16.083
1995,7,0.472,0.04,358.99,1740.19,311.2,16.422
1995,8,0.47,0.038,357.73,1743.57,311.3,16.25
1995,9,0.323,0.037,358.05,1749.77,311.4,15.513
1995,10,0.44,0.038,359.42,1754.36,311.5,14.69
1995,11,0.407,0.04,360.77,1755.5,311.7,13.637
1995,12,0.309,0.033,361.65,1753.85,311.8,12.799
1996,1,0.266,0.036,362.14,1752.24,311.9,12.496
1996,2,0.486,0.039,362.5,1752.72,311.9,12.926
1996,3,0.307,0.038,362.82,1752.21,311.9,13.367
1996,4,0.345,0.032,363.14,1749.6,311.9,14.315000000000001
1996,5,0.279,0.037,363.29,1748.27,311.8,15.229
1996,6,0.245,0.035,362.88,1746.03,311.8,15.915
1996,7,0.31,0.037,361.57,1742.06,311.9,16.259999999999998
1996,8,0.386,0.037,360.07,1744.24,311.9,16.166
1996,9,0.203,0.037,359.7,1752.58,312.1,15.392999999999999
1996,10,0.198,0.043,360.67,1758.87,312.2,14.448
1996,11,0.29,0.045,361.78,1760.03,312.4,13.52
1996,12,0.412,0.038,362.63,1756.91,312.5,12.902000000000001
1997,1,0.379,0.04,363.28,1753.39,312.6,12.609
1997,2,0.456,0.036,363.65,1753.85,312.7,12.895999999999999
1997,3,0.482,0.036,364.03,1755.66,312.7,13.542
1997,4,0.422,0.035,364.51,1755.54,312.7,14.392000000000001
1997,5,0.369,0.039,364.51,1753.83,312.7,15.318999999999999
1997,6,0.545,0.039,363.6,1750.12,312.8,16.215
1997,7,0.407,0.041,361.93,1746.15,312.8,16.357
1997,8,0.448,0.037,360.41,1747.87,312.8,16.227999999999998
1997,9,0.525,0.035,360.41,1755.0,313.0,15.715
1997,10,0.643,0.038,361.94,1760.25,313.1,14.893
1997,11,0.647,0.04,363.61,1761.69,313.3,13.877
1997,12,0.644,0.04,364.68,1761.9,313.4,13.134
1998,1,0.63,0.035,365.19,1761.46,313.5,12.860000000000001
1998,2,0.912,0.036,365.46,1761.42,313.6,13.352
1998,3,0.597,0.035,365.93,1762.94,313.6,13.657
1998,4,0.695,0.032,366.58,1764.72,313.5,14.665000000000001
1998,5,0.655,0.04,366.86,1764.22,313.6,15.604999999999999
1998,6,0.658,0.054,366.27,1760.33,313.6,16.328
1998,7,0.681,0.04,364.84,1756.18,313.6,16.631
1998,8,0.68,0.036,363.79,1760.18,313.7,16.46
1998,9,0.419,0.038,364.04,1770.65,313.8,15.609
1998,10,0.461,0.039,365.34,1776.24,314.0,14.711
1998,11,0.372,0.038,366.6,1775.47,314.1,13.602
1998,12,0.575,0.036,367.47,1774.04,314.3,13.065
1999,1,0.492,0.04,368.12,1773.82,314.4,12.722000000000001
1999,2,0.663,0.041,368.52,1773.91,314.5,13.103
1999,3,0.336,0.036,368.91,1774.61,314.5,13.396
1999,4,0.364,0.031,369.3,1775.02,314.4,14.334000000000001
1999,5,0.277,0.037,369.21,1772.69,314.4,15.226999999999999
1999,6,0.338,0.036,368.36,1767.37,314.4,16.008
1999,7,0.29,0.038,366.69,1763.0,314.4,16.24
1999,8,0.272,0.035,365.32,1764.66,314.5,16.052
1999,9,0.33,0.035,365.44,1771.04,314.7,15.52
1999,10,0.337,0.043,366.75,1776.66,314.9,14.587
1999,11,0.338,0.039,368.05,1778.59,315.0,13.568
1999,12,0.459,0.034,368.88,1777.27,315.2,12.949
2000,1,0.301,0.031,369.39,1775.7,315.4,12.531
2000,2,0.522,0.035,369.65,1775.74,315.5,12.962
2000,3,0.467,0.038,369.97,1776.74,315.5,13.527000000000001
2000,4,0.549,0.041,370.35,1777.33,315.5,14.519
2000,5,0.355,0.035,370.24,1774.6,315.5,15.305
2000,6,0.365,0.037,369.31,1768.16,315.6,16.035
2000,7,0.307,0.036,367.91,1763.55,315.6,16.256999999999998
2000,8,0.399,0.039,366.76,1765.57,315.7,16.179
2000,9,0.339,0.034,366.71,1772.1,315.8,15.529
2000,10,0.246,0.042,367.91,1777.15,316.0,14.496
2000,11,0.301,0.038,369.28,1777.82,316.1,13.531
2000,12,0.296,0.033,370.1,1775.39,316.3,12.786
2001,1,0.481,0.033,370.69,1772.89,316.4,12.711
2001,2,0.459,0.032,371.18,1772.5,316.4,12.899
2001,3,0.613,0.033,371.59,1773.66,316.3,13.673
2001,4,0.584,0.031,371.9,1773.89,316.3,14.554
2001,5,0.529,0.036,371.8,1770.73,316.2,15.479
2001,6,0.495,0.042,370.85,1765.85,316.2,16.165
2001,7,0.513,0.037,369.46,1762.81,316.3,16.463
2001,8,0.464,0.038,368.32,1764.3,316.3,16.244
2001,9,0.471,0.04,368.36,1770.35,316.4,15.661
2001,10,0.469,0.04,369.71,1775.5,316.6,14.719
2001,11,0.653,0.038,371.05,1776.56,316.7,13.883000000000001
2001,12,0.553,0.035,371.97,1775.93,316.9,13.043000000000001
2002,1,0.77,0.048,372.51,1774.12,317.0,13.0
2002,2,0.765,0.041,372.91,1772.81,317.1,13.205
2002,3,0.817,0.031,373.38,1773.41,317.0,13.877
2002,4,0.619,0.03,373.72,1772.77,316.9,14.589
2002,5,0.586,0.033,373.71,1770.29,316.9,15.536
2002,6,0.475,0.031,372.84,1766.9,316.9,16.145
2002,7,0.567,0.039,371.41,1764.24,317.0,16.517
2002,8,0.5,0.035,370.37,1766.84,317.0,16.28
2002,9,0.553,0.033,370.69,1773.65,317.1,15.743
2002,10,0.525,0.04,371.96,1778.27,317.2,14.775
2002,11,0.528,0.043,373.29,1779.49,317.3,13.758000000000001
2002,12,0.469,0.037,374.26,1779.65,317.4,12.959
2003,1,0.744,0.044,374.94,1777.55,317.5,12.974
2003,2,0.641,0.032,375.47,1774.81,317.5,13.081
2003,3,0.586,0.033,375.92,1774.85,317.6,13.646
2003,4,0.565,0.031,376.4,1775.82,317.6,14.535
2003,5,0.545,0.04,376.55,1774.43,317.6,15.495
2003,6,0.458,0.035,375.72,1771.68,317.6,16.128
2003,7,0.514,0.039,374.17,1770.73,317.7,16.464
2003,8,0.572,0.035,372.94,1774.29,317.7,16.352
2003,9,0.576,0.036,373.11,1780.54,317.9,15.766
2003,10,0.667,0.04,374.39,1784.7,318.0,14.917
2003,11,0.497,0.041,375.67,1785.27,318.1,13.727
2003,12,0.752,0.039,376.53,1783.56,318.2,13.242
2004,1,0.63,0.037,377.21,1780.92,318.3,12.860000000000001
2004,2,0.752,0.034,377.73,1779.95,318.3,13.192
2004,3,0.626,0.031,378.16,1780.98,318.3,13.686
2004,4,0.62,0.034,378.48,1780.73,318.3,14.59
2004,5,0.374,0.045,378.4,1777.55,318.3,15.324
2004,6,0.373,0.037,377.51,1772.29,318.3,16.043
2004,7,0.296,0.034,375.96,1768.06,318.3,16.246
2004,8,0.448,0.034,374.49,1769.78,318.4,16.227999999999998
2004,9,0.5,0.045,374.39,1775.49,318.4,15.69
2004,10,0.584,0.037,375.73,1779.7,318.6,14.834
2004,11,0.695,0.038,377.2,1780.46,318.7,13.925
2004,12,0.496,0.034,378.17,1778.37,318.9,12.986
2005,1,0.695,0.034,378.73,1776.36,319.0,12.925
2005,2,0.559,0.027,379.27,1775.8,319.0,12.998999999999999
2005,3,0.71,0.03,379.87,1775.45,319.0,13.77
2005,4,0.681,0.029,380.32,1774.6,319.0,14.651
2005,5,0.576,0.034,380.42,1772.22,318.9,15.526
2005,6,0.604,0.036,379.6,1768.54,318.9,16.274
2005,7,0.577,0.034,377.94,1766.27,319.0,16.527
2005,8,0.546,0.037,376.73,1768.02,319.1,16.326
2005,9,0.637,0.031,376.76,1773.08,319.2,15.827
2005,10,0.708,0.034,378.07,1778.5,319.4,14.958
2005,11,0.677,0.04,379.53,1781.22,319.5,13.907
2005,12,0.647,0.033,380.53,1780.28,319.8,13.137
2006,1,0.505,0.031,381.33,1779.56,319.8,12.735000000000001
2006,2,0.688,0.033,381.95,1779.46,319.9,13.128
2006,3,0.574,0.027,382.34,1777.38,319.9,13.634
2006,4,0.501,0.03,382.67,1776.14,319.9,14.471
2006,5,0.426,0.035,382.63,1774.96,319.9,15.376
2006,6,0.59,0.034,381.76,1769.3,319.8,16.26
2006,7,0.491,0.033,380.07,1764.2,319.9,16.441
2006,8,0.646,0.03,378.49,1767.19,319.9,16.426
2006,9,0.53,0.034,378.63,1774.54,320.1,15.719999999999999
2006,10,0.596,0.03,380.08,1778.24,320.2,14.846
2006,11,0.585,0.036,381.44,1779.05,320.3,13.815000000000001
2006,12,0.741,0.035,382.39,1779.95,320.4,13.231
2007,1,0.933,0.031,383.03,1779.22,320.5,13.163
2007,2,0.669,0.03,383.55,1778.58,320.6,13.109
2007,3,0.611,0.03,384.02,1780.25,320.5,13.671000000000001
2007,4,0.708,0.035,384.28,1781.14,320.5,14.678
2007,5,0.605,0.041,384.13,1779.46,320.5,15.555
2007,6,0.544,0.035,383.26,1775.61,320.4,16.214
2007,7,0.561,0.035,381.55,1772.61,320.4,16.511
2007,8,0.508,0.034,380.29,1777.18,320.6,16.288
2007,9,0.477,0.035,380.68,1785.86,320.8,15.667
2007,10,0.527,0.029,382.1,1789.87,321.0,14.777
2007,11,0.49,0.03,383.45,1789.53,321.2,13.72
2007,12,0.435,0.033,384.46,1788.19,321.3,12.925
2008,1,0.263,0.035,385.23,1786.71,321.5,12.493
2008,2,0.333,0.029,385.74,1785.79,321.5,12.773
2008,3,0.682,0.032,386.15,1786.17,321.5,13.742
2008,4,0.502,0.029,386.53,1786.9,321.5,14.472000000000001
2008,5,0.459,0.031,386.49,1785.19,321.5,15.408999999999999
2008,6,0.448,0.033,385.58,1780.47,321.6,16.118
2008,7,0.531,0.027,384.1,1777.67,321.6,16.480999999999998
2008,8,0.448,0.028,382.77,1781.04,321.6,16.227999999999998
2008,9,0.507,0.027,382.54,1787.65,321.7,15.697
2008,10,0.62,0.029,383.67,1793.69,321.8,14.87
2008,11,0.587,0.034,385.18,1797.31,322.0,13.817
2008,12,0.496,0.037,386.27,1796.6,322.1,12.986
2009,1,0.617,0.035,387.03,1795.08,322.3,12.847000000000001
2009,2,0.543,0.032,387.48,1795.58,322.4,12.982999999999999
2009,3,0.503,0.03,387.71,1795.98,322.4,13.563
2009,4,0.595,0.038,387.99,1795.57,322.3,14.565000000000001
2009,5,0.569,0.039,387.95,1792.33,322.2,15.518999999999998
2009,6,0.638,0.034,386.96,1786.91,322.2,16.308
2009,7,0.687,0.033,385.01,1784.99,322.2,16.637
2009,8,0.64,0.037,383.63,1788.82,322.4,16.419999999999998
2009,9,0.63,0.03,383.93,1794.8,322.5,15.82
2009,10,0.606,0.03,385.5,1798.05,322.7,14.856
2009,11,0.638,0.035,386.94,1797.89,322.8,13.868
2009,12,0.627,0.038,387.84,1796.7,323.0,13.117
2010,1,0.73,0.033,388.62,1797.14,323.1,12.96
2010,2,0.779,0.031,389.33,1798.76,323.1,13.219
2010,3,0.831,0.032,389.68,1799.47,323.1,13.891
2010,4,0.82,0.034,389.98,1799.66,323.2,14.790000000000001
2010,5,0.707,0.033,389.95,1797.71,323.2,15.657
2010,6,0.625,0.035,389.01,1792.55,323.2,16.295
2010,7,0.613,0.029,387.35,1789.49,323.2,16.563
2010,8,0.614,0.034,386.23,1794.08,323.3,16.394
2010,9,0.536,0.039,386.7,1801.83,323.4,15.725999999999999
2010,10,0.619,0.031,388.25,1806.57,323.6,14.869
2010,11,0.641,0.032,389.62,1807.04,323.9,13.871
2010,12,0.443,0.037,390.36,1803.63,324.0,12.933
2011,1,0.478,0.028,390.93,1800.48,324.1,12.708
2011,2,0.455,0.035,391.35,1800.17,324.2,12.895
2011,3,0.504,0.03,391.67,1800.98,324.2,13.564
2011,4,0.598,0.031,392.05,1802.91,324.2,14.568000000000001
2011,5,0.483,0.048,392.07,1803.3,324.2,15.433
2011,6,0.592,0.043,391.13,1799.15,324.2,16.262
2011,7,0.679,0.032,389.19,1796.23,324.2,16.628999999999998
2011,8,0.678,0.032,387.86,1799.05,324.3,16.458
2011,9,0.508,0.033,388.26,1804.05,324.4,15.698
2011,10,0.56,0.03,389.83,1809.6,324.6,14.81
2011,11,0.459,0.042,391.2,1812.39,324.8,13.689
2011,12,0.538,0.038,392.04,1810.04,324.9,13.028
2012,1,0.392,0.033,392.61,1807.4,325.0,12.622
2012,2,0.425,0.028,393.2,1808.35,325.1,12.865
2012,3,0.485,0.031,393.73,1810.07,325.1,13.545
2012,4,0.664,0.037,393.99,1808.5,325.1,14.634
2012,5,0.691,0.041,393.88,1804.75,325.1,15.641
2012,6,0.628,0.041,392.84,1801.01,325.1,16.298
2012,7,0.571,0.039,391.0,1799.4,325.1,16.521
2012,8,0.619,0.035,389.89,1803.29,325.2,16.399
2012,9,0.627,0.033,390.55,1810.15,325.3,15.817
2012,10,0.691,0.034,392.16,1814.85,325.5,14.941
2012,11,0.669,0.038,393.56,1815.95,325.7,13.899000000000001
2012,12,0.46,0.035,394.39,1814.59,325.8,12.950000000000001
2013,1,0.648,0.033,395.07,1814.06,325.9,12.878
2013,2,0.635,0.033,395.7,1814.13,325.9,13.075
2013,3,0.58,0.028,396.29,1813.26,326.0,13.64
2013,4,0.531,0.034,396.74,1812.84,326.0,14.501000000000001
2013,5,0.584,0.043,396.75,1811.94,326.0,15.533999999999999
2013,6,0.626,0.039,395.96,1808.56,326.1,16.296
2013,7,0.574,0.034,394.47,1805.8,326.1,16.524
2013,8,0.659,0.037,393.24,1808.39,326.2,16.439
2013,9,0.652,0.035,393.21,1814.31,326.3,15.841999999999999
2013,10,0.608,0.032,394.51,1818.6,326.4,14.858
2013,11,0.781,0.038,395.97,1820.35,326.6,14.011000000000001
2013,12,0.64,0.031,396.87,1819.33,326.8,13.13
2014,1,0.686,0.037,397.51,1816.85,326.9,12.916
2014,2,0.445,0.033,397.97,1816.39,326.9,12.885
2014,3,0.675,0.036,398.27,1818.14,327.0,13.735000000000001
2014,4,0.787,0.035,398.63,1820.91,327.0,14.757000000000001
2014,5,0.761,0.036,398.69,1821.89,327.1,15.710999999999999
2014,6,0.668,0.042,397.72,1818.33,327.1,16.338
2014,7,0.587,0.035,396.13,1815.56,327.2,16.537
2014,8,0.787,0.039,395.02,1819.71,327.3,16.567
2014,9,0.748,0.028,395.12,1826.86,327.5,15.937999999999999
2014,10,0.719,0.036,396.38,1831.24,327.7,14.969
2014,11,0.579,0.034,397.86,1833.05,327.8,13.809000000000001
2014,12,0.755,0.038,398.84,1833.55,328.0,13.245000000000001
2015,1,0.808,0.033,399.56,1833.1,328.1,13.038
2015,2,0.838,0.03,400.12,1832.97,328.1,13.277999999999999
2015,3,0.849,0.029,400.57,1833.2,328.1,13.909
2015,4,0.772,0.047,400.96,1833.17,328.1,14.742
2015,5,0.784,0.031,400.91,1831.65,328.1,15.734
2015,6,0.78,0.03,400.06,1827.24,328.1,16.45
2015,7,0.726,0.031,398.38,1824.72,328.2,16.676
2015,8,0.796,0.035,397.07,1829.15,328.3,16.576
2015,9,0.814,0.028,397.34,1836.23,328.4,16.003999999999998
2015,10,0.975,0.032,398.8,1841.43,328.6,15.225
2015,11,0.926,0.041,400.36,1844.67,328.7,14.156
2015,12,1.124,0.038,401.66,1844.89,328.9,13.614
2016,1,1.08,0.03,402.61,1842.46,329.0,13.31
2016,2,1.197,0.028,403.25,1841.62,329.0,13.637
2016,3,1.209,0.032,403.84,1843.01,329.0,14.269
2016,4,1.071,0.041,404.36,1843.76,329.0,15.041
2016,5,0.887,0.034,404.4,1842.11,329.0,15.837
2016,6,0.765,0.037,403.62,1837.83,328.9,16.435
2016,7,0.777,0.031,402.1,1834.19,328.9,16.727
2016,8,0.92,0.03,400.78,1836.68,328.9,16.7
2016,9,0.785,0.028,400.95,1844.17,329.1,15.975
2016,10,0.76,0.029,402.4,1849.88,329.2,15.01
2016,11,0.744,0.031,403.76,1851.43,329.4,13.974
2016,12,0.809,0.033,404.67,1851.05,329.5,13.299
2017,1,0.941,0.032,405.33,1849.7,329.6,13.171000000000001
2017,2,1.048,0.034,405.91,1848.38,329.7,13.488
2017,3,1.056,0.03,406.32,1848.18,329.7,14.116
2017,4,0.904,0.033,406.6,1848.55,329.7,14.874
2017,5,0.863,0.031,406.64,1847.12,329.7,15.812999999999999
2017,6,0.682,0.03,405.85,1842.93,329.7,16.352
2017,7,0.765,0.032,404.11,1840.42,329.8,16.715
2017,8,0.811,0.033,402.57,1844.61,329.9,16.591
2017,9,0.704,0.035,402.66,1852.7,330.1,15.894
2017,10,0.806,0.034,404.16,1857.99,330.2,15.056000000000001
2017,11,0.715,0.033,405.7,1858.51,330.4,13.945
2017,12,0.803,0.029,406.75,1856.51,330.5,13.293000000000001
2018,1,0.741,0.03,407.53,1854.44,330.7,12.971
2018,2,0.72,0.03,408.23,1854.96,330.8,13.16
2018,3,0.825,0.029,408.77,1856.87,330.9,13.885
2018,4,0.832,0.031,409.07,1856.7,330.9,14.802000000000001
2018,5,0.751,0.052,408.93,1854.79,330.9,15.700999999999999
2018,6,0.712,0.042,408.06,1852.01,330.9,16.382
2018,7,0.727,0.025,406.49,1849.12,330.9,16.677
2018,8,0.713,0.04,405.11,1851.91,331.0,16.493
2018,9,0.68,0.032,405.18,1860.47,331.2,15.87
2018,10,0.858,0.033,406.65,1865.77,331.4,15.108
2018,11,0.731,0.029,408.12,1866.25,331.6,13.961
2018,12,0.854,0.034,409.19,1866.03,331.8,13.344
2019,1,0.919,0.033,409.92,1865.0,331.9,13.149000000000001
2019,2,0.89,0.035,410.34,1865.01,331.9,13.33
2019,3,1.059,0.031,410.89,1866.32,331.9,14.119
2019,4,0.948,0.032,411.33,1865.34,331.8,14.918000000000001
2019,5,0.759,0.04,411.34,1861.96,331.8,15.709
2019,6,0.754,0.032,410.53,1858.78,331.9,16.424
2019,7,0.851,0.03,408.88,1858.27,331.9,16.801
2019,8,0.848,0.037,407.64,1862.9,332.0,16.628
2019,9,0.812,0.036,407.92,1870.77,332.1,16.002
2019,10,0.941,0.033,409.44,1875.4,332.3,15.191
2019,11,0.884,0.046,410.87,1875.55,332.4,14.114
2019,12,1.04,0.049,411.76,1874.67,332.6,13.530000000000001
2020,1,1.153,0.039,412.43,1873.17,332.7,13.383000000000001
2020,2,1.169,0.031,412.95,1872.73,332.8,13.609
2020,3,1.083,0.032,413.44,1874.76,332.9,14.143
2020,4,1.057,0.039,413.86,1875.88,332.9,15.027000000000001
2020,5,0.891,0.035,413.81,1874.29,332.9,15.841
2020,6,0.825,0.032,412.88,1871.86,333.0,16.495
2020,7,0.852,0.029,411.17,1871.52,333.1,16.802
2020,8,0.869,0.033,409.73,1876.53,333.2,16.649
2020,9,0.859,0.034,410.0,1884.66,333.4,16.049
2020,10,0.781,0.044,411.66,1890.11,333.5,15.031
2020,11,0.913,0.05,413.25,1891.92,333.7,14.143
2020,12,0.72,0.053,414.14,1891.78,333.9,13.21
2021,1,0.747,0.04,414.74,1889.49,334.0,12.977
2021,2,0.59,0.034,415.2,1887.53,334.1,13.03
2021,3,0.785,0.035,415.49,1888.66,334.2,13.845
2021,4,0.75,0.034,415.81,1891.1,334.2,14.72
2021,5,0.726,0.038,416.01,1891.5,334.2,15.675999999999998
2021,6,0.756,0.039,415.2,1888.46,334.3,16.426
2021,7,0.831,0.031,413.45,1886.4,334.3,16.781
2021,8,0.817,0.036,412.15,1892.6,334.4,16.596999999999998
2021,9,0.824,0.034,412.38,1902.63,334.6,16.014
2021,10,0.907,0.037,413.83,1908.01,334.8,15.157
2021,11,0.852,0.046,415.58,1909.51,335.0,14.082
2021,12,0.798,0.05,416.61,1908.78,335.2,13.288
2022,1,0.873,0.037,417.18,1907.47,335.4,13.103
2022,2,0.795,0.032,417.64,1907.68,335.5,13.235
2022,3,0.889,0.033,418.16,1909.01,335.5,13.949
2022,4,0.814,0.038,418.58,1909.6,335.5,14.784
2022,5,0.738,0.038,418.45,1907.8,335.6,15.687999999999999
2022,6,0.859,0.038,417.43,1905.19,335.6,16.529
2022,7,0.821,0.033,415.68,1904.46,335.7,16.771
2022,8,0.83,0.034,414.41,1908.82,335.8,16.61
2022,9,0.756,0.034,414.63,1915.52,335.9,15.946
2022,10,0.871,0.034,416.14,1919.85,336.1,15.121
2022,11,0.654,0.048,417.77,1923.43,336.3,13.884
2022,12,0.775,0.05,418.8,1924.69,336.5,13.265
